0.0 0.0
0.001001001001 0.001001001001
0.002002002002 0.002002002002
0.003003003003 0.780535679493
0.004004004004 0.004004004004
0.00500500500501 0.58696375021
0.00600600600601 0.00600600600601
0.00700700700701 0.00700700700701
0.00800800800801 0.00800800800801
0.00900900900901 0.00900900900901
0.01001001001 0.01001001001
0.011011011011 0.011011011011
0.012012012012 0.012012012012
0.013013013013 0.013013013013
0.014014014014 0.014014014014
0.015015015015 0.015015015015
0.016016016016 0.016016016016
0.017017017017 0.017017017017
0.018018018018 2.26067987505
0.019019019019 1.8437338182
0.02002002002 0.02002002002
0.021021021021 0.021021021021
0.022022022022 0.022022022022
0.023023023023 0.023023023023
0.024024024024 0.024024024024
0.025025025025 0.025025025025
0.026026026026 0.026026026026
0.027027027027 0.027027027027
0.028028028028 0.028028028028
0.029029029029 0.029029029029
0.03003003003 0.03003003003
0.031031031031 0.031031031031
0.032032032032 0.032032032032
0.033033033033 0.033033033033
0.034034034034 0.034034034034
0.035035035035 0.035035035035
0.036036036036 0.036036036036
0.037037037037 0.037037037037
0.038038038038 2.56001081981
0.039039039039 0.039039039039
0.04004004004 0.04004004004
0.041041041041 0.041041041041
0.042042042042 0.042042042042
0.043043043043 0.043043043043
0.044044044044 0.044044044044
0.045045045045 0.045045045045
0.046046046046 0.046046046046
0.047047047047 0.047047047047
0.048048048048 0.048048048048
0.049049049049 0.049049049049
0.0500500500501 0.0781311710317
0.0510510510511 0.0510510510511
0.0520520520521 0.0520520520521
0.0530530530531 0.0530530530531
0.0540540540541 0.0540540540541
0.0550550550551 0.0550550550551
0.0560560560561 0.0560560560561
0.0570570570571 0.0570570570571
0.0580580580581 0.0580580580581
0.0590590590591 0.0590590590591
0.0600600600601 0.0600600600601
0.0610610610611 0.0610610610611
0.0620620620621 0.0620620620621
0.0630630630631 0.0630630630631
0.0640640640641 0.0640640640641
0.0650650650651 0.0650650650651
0.0660660660661 0.0660660660661
0.0670670670671 0.0670670670671
0.0680680680681 0.0680680680681
0.0690690690691 0.0690690690691
0.0700700700701 0.0700700700701
0.0710710710711 0.0710710710711
0.0720720720721 0.0720720720721
0.0730730730731 0.0730730730731
0.0740740740741 0.0740740740741
0.0750750750751 0.0750750750751
0.0760760760761 0.0760760760761
0.0770770770771 0.0770770770771
0.0780780780781 0.0780780780781
0.0790790790791 0.0790790790791
0.0800800800801 0.0800800800801
0.0810810810811 0.0810810810811
0.0820820820821 0.0820820820821
0.0830830830831 0.0830830830831
0.0840840840841 0.0840840840841
0.0850850850851 0.0850850850851
0.0860860860861 0.0860860860861
0.0870870870871 0.0870870870871
0.0880880880881 0.0880880880881
0.0890890890891 0.0890890890891
0.0900900900901 0.0900900900901
0.0910910910911 0.0910910910911
0.0920920920921 0.0920920920921
0.0930930930931 0.0930930930931
0.0940940940941 0.0940940940941
0.0950950950951 0.0950950950951
0.0960960960961 0.0960960960961
0.0970970970971 0.0970970970971
0.0980980980981 0.0980980980981
0.0990990990991 1.48674621431
0.1001001001 0.1001001001
0.101101101101 0.101101101101
0.102102102102 0.102102102102
0.103103103103 0.103103103103
0.104104104104 0.104104104104
0.105105105105 0.105105105105
0.106106106106 0.106106106106
0.107107107107 0.107107107107
0.108108108108 0.108108108108
0.109109109109 0.109109109109
0.11011011011 0.11011011011
0.111111111111 0.578152211239
0.112112112112 0.112112112112
0.113113113113 0.113113113113
0.114114114114 0.114114114114
0.115115115115 0.395809792233
0.116116116116 0.116116116116
0.117117117117 0.117117117117
0.118118118118 0.118118118118
0.119119119119 0.119119119119
0.12012012012 0.12012012012
0.121121121121 1.2809183214
0.122122122122 0.122122122122
0.123123123123 0.123123123123
0.124124124124 0.124124124124
0.125125125125 0.125125125125
0.126126126126 0.126126126126
0.127127127127 0.127127127127
0.128128128128 0.128128128128
0.129129129129 0.129129129129
0.13013013013 0.13013013013
0.131131131131 0.131131131131
0.132132132132 0.132132132132
0.133133133133 0.133133133133
0.134134134134 0.134134134134
0.135135135135 0.135135135135
0.136136136136 0.136136136136
0.137137137137 0.137137137137
0.138138138138 0.306429196664
0.139139139139 0.139139139139
0.14014014014 0.14014014014
0.141141141141 0.141141141141
0.142142142142 0.142142142142
0.143143143143 0.143143143143
0.144144144144 0.144144144144
0.145145145145 0.145145145145
0.146146146146 0.146146146146
0.147147147147 0.147147147147
0.148148148148 0.148148148148
0.149149149149 0.149149149149
0.15015015015 0.15015015015
0.151151151151 0.151151151151
0.152152152152 0.152152152152
0.153153153153 1.62792142279
0.154154154154 0.154154154154
0.155155155155 0.155155155155
0.156156156156 0.156156156156
0.157157157157 0.157157157157
0.158158158158 0.158158158158
0.159159159159 0.159159159159
0.16016016016 0.16016016016
0.161161161161 0.161161161161
0.162162162162 0.162162162162
0.163163163163 0.163163163163
0.164164164164 0.164164164164
0.165165165165 0.165165165165
0.166166166166 0.166166166166
0.167167167167 0.167167167167
0.168168168168 0.168168168168
0.169169169169 0.169169169169
0.17017017017 0.17017017017
0.171171171171 0.171171171171
0.172172172172 0.172172172172
0.173173173173 0.173173173173
0.174174174174 0.174174174174
0.175175175175 0.175175175175
0.176176176176 0.176176176176
0.177177177177 0.177177177177
0.178178178178 0.178178178178
0.179179179179 0.179179179179
0.18018018018 0.191243831501
0.181181181181 0.181181181181
0.182182182182 0.182182182182
0.183183183183 1.03653907738
0.184184184184 0.184184184184
0.185185185185 0.185185185185
0.186186186186 0.186186186186
0.187187187187 0.187187187187
0.188188188188 0.188188188188
0.189189189189 0.189189189189
0.19019019019 1.35995625773
0.191191191191 0.191191191191
0.192192192192 0.192192192192
0.193193193193 0.193193193193
0.194194194194 0.194194194194
0.195195195195 0.195195195195
0.196196196196 0.196196196196
0.197197197197 0.197197197197
0.198198198198 0.198198198198
0.199199199199 0.199199199199
0.2002002002 0.2002002002
0.201201201201 0.201201201201
0.202202202202 0.202202202202
0.203203203203 0.203203203203
0.204204204204 0.204204204204
0.205205205205 0.578504461015
0.206206206206 0.433404712036
0.207207207207 0.207207207207
0.208208208208 0.208208208208
0.209209209209 2.47218387173
0.21021021021 0.21021021021
0.211211211211 0.211211211211
0.212212212212 0.212212212212
0.213213213213 0.213213213213
0.214214214214 0.214214214214
0.215215215215 0.215215215215
0.216216216216 0.216216216216
0.217217217217 0.217217217217
0.218218218218 0.218218218218
0.219219219219 0.219219219219
0.22022022022 0.22022022022
0.221221221221 0.221221221221
0.222222222222 0.835784826355
0.223223223223 1.00261648919
0.224224224224 0.224224224224
0.225225225225 0.225225225225
0.226226226226 0.226226226226
0.227227227227 0.227227227227
0.228228228228 0.228228228228
0.229229229229 0.229229229229
0.23023023023 0.234575281385
0.231231231231 0.231231231231
0.232232232232 0.488447281241
0.233233233233 0.233233233233
0.234234234234 0.234234234234
0.235235235235 0.235235235235
0.236236236236 0.236236236236
0.237237237237 0.237237237237
0.238238238238 0.238238238238
0.239239239239 1.12723009075
0.24024024024 0.24024024024
0.241241241241 0.241241241241
0.242242242242 0.242242242242
0.243243243243 0.243243243243
0.244244244244 0.244244244244
0.245245245245 0.245245245245
0.246246246246 0.246246246246
0.247247247247 0.247247247247
0.248248248248 0.248248248248
0.249249249249 0.249249249249
0.25025025025 0.25025025025
0.251251251251 0.251251251251
0.252252252252 0.252252252252
0.253253253253 0.253253253253
0.254254254254 0.254254254254
0.255255255255 0.255255255255
0.256256256256 0.256256256256
0.257257257257 0.257257257257
0.258258258258 0.258258258258
0.259259259259 0.259259259259
0.26026026026 0.26026026026
0.261261261261 0.261261261261
0.262262262262 0.262262262262
0.263263263263 0.263263263263
0.264264264264 0.264264264264
0.265265265265 0.265265265265
0.266266266266 0.266266266266
0.267267267267 0.267267267267
0.268268268268 0.268268268268
0.269269269269 0.269269269269
0.27027027027 0.27027027027
0.271271271271 0.271271271271
0.272272272272 0.272272272272
0.273273273273 0.273273273273
0.274274274274 0.274274274274
0.275275275275 0.275275275275
0.276276276276 0.276276276276
0.277277277277 0.277277277277
0.278278278278 0.278278278278
0.279279279279 0.279279279279
0.28028028028 0.28028028028
0.281281281281 1.16597509298
0.282282282282 0.282282282282
0.283283283283 0.283283283283
0.284284284284 0.284284284284
0.285285285285 0.285285285285
0.286286286286 0.286286286286
0.287287287287 0.287287287287
0.288288288288 0.288288288288
0.289289289289 0.289289289289
0.29029029029 0.29029029029
0.291291291291 0.291291291291
0.292292292292 0.292292292292
0.293293293293 0.293293293293
0.294294294294 0.294294294294
0.295295295295 0.295295295295
0.296296296296 0.296296296296
0.297297297297 0.297297297297
0.298298298298 0.298298298298
0.299299299299 0.299299299299
0.3003003003 0.3003003003
0.301301301301 0.301301301301
0.302302302302 0.302302302302
0.303303303303 0.303303303303
0.304304304304 0.304304304304
0.305305305305 0.441246448035
0.306306306306 1.11730885444
0.307307307307 0.307307307307
0.308308308308 0.462042783878
0.309309309309 0.309309309309
0.31031031031 0.31031031031
0.311311311311 0.311311311311
0.312312312312 0.312312312312
0.313313313313 0.313313313313
0.314314314314 0.314314314314
0.315315315315 0.315315315315
0.316316316316 0.316316316316
0.317317317317 0.317317317317
0.318318318318 0.318318318318
0.319319319319 0.319319319319
0.32032032032 2.42772111391
0.321321321321 0.321321321321
0.322322322322 0.322322322322
0.323323323323 0.323323323323
0.324324324324 0.324324324324
0.325325325325 0.497860193761
0.326326326326 0.326326326326
0.327327327327 0.327327327327
0.328328328328 0.674345785683
0.329329329329 0.329329329329
0.33033033033 0.33033033033
0.331331331331 0.331331331331
0.332332332332 0.332332332332
0.333333333333 0.333333333333
0.334334334334 0.334334334334
0.335335335335 0.335335335335
0.336336336336 0.336336336336
0.337337337337 0.337337337337
0.338338338338 0.338338338338
0.339339339339 0.339339339339
0.34034034034 0.34034034034
0.341341341341 0.341341341341
0.342342342342 0.342342342342
0.343343343343 0.343343343343
0.344344344344 1.51296741455
0.345345345345 0.345345345345
0.346346346346 0.346346346346
0.347347347347 0.347347347347
0.348348348348 0.348348348348
0.349349349349 0.349349349349
0.35035035035 1.02007951819
0.351351351351 0.351351351351
0.352352352352 0.352352352352
0.353353353353 0.353353353353
0.354354354354 0.354354354354
0.355355355355 0.355355355355
0.356356356356 0.356356356356
0.357357357357 0.357357357357
0.358358358358 2.23032940283
0.359359359359 0.359359359359
0.36036036036 0.36036036036
0.361361361361 0.361361361361
0.362362362362 0.362362362362
0.363363363363 1.42363389642
0.364364364364 0.373213145924
0.365365365365 0.365365365365
0.366366366366 0.366366366366
0.367367367367 0.367367367367
0.368368368368 0.368368368368
0.369369369369 0.369369369369
0.37037037037 0.37037037037
0.371371371371 0.371371371371
0.372372372372 0.372372372372
0.373373373373 0.373373373373
0.374374374374 0.374374374374
0.375375375375 0.375375375375
0.376376376376 0.376376376376
0.377377377377 1.07552404718
0.378378378378 0.378378378378
0.379379379379 0.379379379379
0.38038038038 1.26568022315
0.381381381381 0.381381381381
0.382382382382 0.382382382382
0.383383383383 0.383383383383
0.384384384384 0.384384384384
0.385385385385 0.385385385385
0.386386386386 0.386386386386
0.387387387387 0.387387387387
0.388388388388 0.388388388388
0.389389389389 0.389389389389
0.39039039039 0.39039039039
0.391391391391 0.391391391391
0.392392392392 0.392392392392
0.393393393393 0.393393393393
0.394394394394 0.394394394394
0.395395395395 0.395395395395
0.396396396396 0.396396396396
0.397397397397 0.397397397397
0.398398398398 0.398398398398
0.399399399399 0.399399399399
0.4004004004 0.4004004004
0.401401401401 0.401401401401
0.402402402402 0.402402402402
0.403403403403 0.403403403403
0.404404404404 0.404404404404
0.405405405405 0.405405405405
0.406406406406 0.406406406406
0.407407407407 0.407407407407
0.408408408408 0.408408408408
0.409409409409 0.409409409409
0.41041041041 0.41041041041
0.411411411411 1.17617795411
0.412412412412 0.412412412412
0.413413413413 0.413413413413
0.414414414414 2.12473306028
0.415415415415 0.415415415415
0.416416416416 0.416416416416
0.417417417417 1.77835334922
0.418418418418 0.418418418418
0.419419419419 0.419419419419
0.42042042042 0.42042042042
0.421421421421 0.421421421421
0.422422422422 0.422422422422
0.423423423423 0.770558336883
0.424424424424 0.573963469059
0.425425425425 0.425425425425
0.426426426426 0.426426426426
0.427427427427 0.427427427427
0.428428428428 0.428428428428
0.429429429429 0.429429429429
0.43043043043 0.43043043043
0.431431431431 0.431431431431
0.432432432432 0.432432432432
0.433433433433 0.433433433433
0.434434434434 0.434434434434
0.435435435435 1.40003349803
0.436436436436 0.700394442757
0.437437437437 0.437437437437
0.438438438438 0.438438438438
0.439439439439 0.439439439439
0.44044044044 0.44044044044
0.441441441441 0.441441441441
0.442442442442 0.442442442442
0.443443443443 0.443443443443
0.444444444444 0.444444444444
0.445445445445 0.445445445445
0.446446446446 0.446446446446
0.447447447447 0.447447447447
0.448448448448 0.448448448448
0.449449449449 0.449449449449
0.45045045045 0.45045045045
0.451451451451 0.451451451451
0.452452452452 1.52047572675
0.453453453453 0.453453453453
0.454454454454 0.454454454454
0.455455455455 0.455455455455
0.456456456456 0.456456456456
0.457457457457 1.14713550532
0.458458458458 0.458458458458
0.459459459459 1.86139231132
0.46046046046 0.46046046046
0.461461461461 0.461461461461
0.462462462462 0.462462462462
0.463463463463 0.463463463463
0.464464464464 0.464464464464
0.465465465465 0.465465465465
0.466466466466 0.466466466466
0.467467467467 0.467467467467
0.468468468468 0.605817579618
0.469469469469 0.469469469469
0.47047047047 0.47047047047
0.471471471471 0.471471471471
0.472472472472 0.472472472472
0.473473473473 1.08158984435
0.474474474474 1.3959006803
0.475475475475 0.475475475475
0.476476476476 0.476476476476
0.477477477477 0.477477477477
0.478478478478 0.510453441777
0.479479479479 0.479479479479
0.48048048048 0.48048048048
0.481481481481 0.481481481481
0.482482482482 1.90391904552
0.483483483483 0.483483483483
0.484484484484 0.484484484484
0.485485485485 0.485485485485
0.486486486486 0.486486486486
0.487487487487 0.487487487487
0.488488488488 0.488488488488
0.489489489489 0.489489489489
0.49049049049 0.49049049049
0.491491491491 0.491491491491
0.492492492492 0.492492492492
0.493493493493 0.493493493493
0.494494494494 0.494494494494
0.495495495495 0.495495495495
0.496496496496 0.496496496496
0.497497497497 0.497497497497
0.498498498498 0.498498498498
0.499499499499 0.499499499499
0.500500500501 0.500500500501
0.501501501502 0.501501501502
0.502502502503 0.502502502503
0.503503503504 0.503503503504
0.504504504505 0.504504504505
0.505505505506 0.505505505506
0.506506506507 0.506506506507
0.507507507508 0.507507507508
0.508508508509 0.508508508509
0.50950950951 0.50950950951
0.510510510511 0.510510510511
0.511511511512 0.511511511512
0.512512512513 0.512512512513
0.513513513514 0.513513513514
0.514514514515 0.514514514515
0.515515515516 0.515515515516
0.516516516517 0.516516516517
0.517517517518 0.517517517518
0.518518518519 0.518518518519
0.51951951952 0.51951951952
0.520520520521 1.66744191277
0.521521521522 0.521521521522
0.522522522523 0.522522522523
0.523523523524 2.06581389841
0.524524524525 0.524524524525
0.525525525526 0.525525525526
0.526526526527 0.526526526527
0.527527527528 0.527527527528
0.528528528529 0.528528528529
0.52952952953 0.52952952953
0.530530530531 0.530530530531
0.531531531532 0.531531531532
0.532532532533 0.532532532533
0.533533533534 0.533533533534
0.534534534535 0.534534534535
0.535535535536 0.535535535536
0.536536536537 0.536536536537
0.537537537538 0.537537537538
0.538538538539 0.538538538539
0.53953953954 0.53953953954
0.540540540541 0.540540540541
0.541541541542 0.964910086691
0.542542542543 0.542542542543
0.543543543544 0.543543543544
0.544544544545 0.544544544545
0.545545545546 0.545545545546
0.546546546547 0.546546546547
0.547547547548 0.547547547548
0.548548548549 0.548548548549
0.54954954955 0.54954954955
0.550550550551 0.550550550551
0.551551551552 0.551551551552
0.552552552553 0.552552552553
0.553553553554 0.553553553554
0.554554554555 1.30674293467
0.555555555556 0.555555555556
0.556556556557 0.556556556557
0.557557557558 0.557557557558
0.558558558559 0.558558558559
0.55955955956 0.55955955956
0.560560560561 0.560560560561
0.561561561562 0.561561561562
0.562562562563 0.562562562563
0.563563563564 0.563563563564
0.564564564565 0.840936361333
0.565565565566 0.565565565566
0.566566566567 0.566566566567
0.567567567568 0.567567567568
0.568568568569 0.568568568569
0.56956956957 0.56956956957
0.570570570571 0.570570570571
0.571571571572 0.571571571572
0.572572572573 0.572572572573
0.573573573574 0.573573573574
0.574574574575 1.56453786424
0.575575575576 0.575575575576
0.576576576577 0.576576576577
0.577577577578 0.577577577578
0.578578578579 0.578578578579
0.57957957958 0.57957957958
0.580580580581 0.580580580581
0.581581581582 0.581581581582
0.582582582583 0.582582582583
0.583583583584 0.583583583584
0.584584584585 1.14466036253
0.585585585586 0.585585585586
0.586586586587 0.586586586587
0.587587587588 0.587587587588
0.588588588589 0.588588588589
0.58958958959 0.58958958959
0.590590590591 0.590590590591
0.591591591592 0.591591591592
0.592592592593 0.592592592593
0.593593593594 0.593593593594
0.594594594595 0.594594594595
0.595595595596 0.595595595596
0.596596596597 0.596596596597
0.597597597598 0.597597597598
0.598598598599 0.598598598599
0.5995995996 0.5995995996
0.600600600601 0.600600600601
0.601601601602 0.601601601602
0.602602602603 1.02470647405
0.603603603604 0.603603603604
0.604604604605 0.63048779278
0.605605605606 0.605605605606
0.606606606607 1.6198519191
0.607607607608 0.607607607608
0.608608608609 0.608608608609
0.60960960961 0.60960960961
0.610610610611 0.610610610611
0.611611611612 0.611611611612
0.612612612613 0.612612612613
0.613613613614 0.613613613614
0.614614614615 0.614614614615
0.615615615616 0.615615615616
0.616616616617 1.20032328261
0.617617617618 0.617617617618
0.618618618619 0.618618618619
0.61961961962 0.805720101982
0.620620620621 0.620620620621
0.621621621622 0.621621621622
0.622622622623 0.622622622623
0.623623623624 0.623623623624
0.624624624625 0.624624624625
0.625625625626 0.625625625626
0.626626626627 0.626626626627
0.627627627628 0.627627627628
0.628628628629 0.628628628629
0.62962962963 0.62962962963
0.630630630631 0.630630630631
0.631631631632 0.631631631632
0.632632632633 0.632632632633
0.633633633634 0.633633633634
0.634634634635 0.634634634635
0.635635635636 0.635635635636
0.636636636637 0.636636636637
0.637637637638 0.637637637638
0.638638638639 0.638638638639
0.63963963964 0.63963963964
0.640640640641 0.640640640641
0.641641641642 0.641641641642
0.642642642643 1.05606242738
0.643643643644 0.643643643644
0.644644644645 0.644644644645
0.645645645646 0.645645645646
0.646646646647 0.646646646647
0.647647647648 0.647647647648
0.648648648649 2.17531029208
0.64964964965 0.64964964965
0.650650650651 0.650650650651
0.651651651652 0.651651651652
0.652652652653 0.652652652653
0.653653653654 0.653653653654
0.654654654655 0.654654654655
0.655655655656 0.655655655656
0.656656656657 0.656656656657
0.657657657658 0.657657657658
0.658658658659 0.658658658659
0.65965965966 0.65965965966
0.660660660661 0.660660660661
0.661661661662 0.661661661662
0.662662662663 0.662662662663
0.663663663664 0.663663663664
0.664664664665 0.664664664665
0.665665665666 0.665665665666
0.666666666667 0.666666666667
0.667667667668 0.667667667668
0.668668668669 0.668668668669
0.66966966967 0.66966966967
0.670670670671 0.670670670671
0.671671671672 0.671671671672
0.672672672673 0.672672672673
0.673673673674 0.673673673674
0.674674674675 0.674674674675
0.675675675676 1.20436521545
0.676676676677 0.676676676677
0.677677677678 0.677677677678
0.678678678679 0.678678678679
0.67967967968 0.67967967968
0.680680680681 0.680680680681
0.681681681682 0.681681681682
0.682682682683 0.682682682683
0.683683683684 0.683683683684
0.684684684685 0.684684684685
0.685685685686 0.685685685686
0.686686686687 0.686686686687
0.687687687688 0.687687687688
0.688688688689 0.688688688689
0.68968968969 0.68968968969
0.690690690691 0.690690690691
0.691691691692 0.691691691692
0.692692692693 0.692692692693
0.693693693694 0.693693693694
0.694694694695 0.694694694695
0.695695695696 0.695695695696
0.696696696697 0.696696696697
0.697697697698 0.697697697698
0.698698698699 1.52078108696
0.6996996997 0.6996996997
0.700700700701 0.700700700701
0.701701701702 2.41466033025
0.702702702703 0.702702702703
0.703703703704 0.703703703704
0.704704704705 0.704704704705
0.705705705706 0.705705705706
0.706706706707 0.706706706707
0.707707707708 0.707707707708
0.708708708709 0.708708708709
0.70970970971 0.70970970971
0.710710710711 0.710710710711
0.711711711712 1.09760074215
0.712712712713 0.712712712713
0.713713713714 0.713713713714
0.714714714715 0.714714714715
0.715715715716 0.715715715716
0.716716716717 0.716716716717
0.717717717718 0.717717717718
0.718718718719 3.00119841469
0.71971971972 0.71971971972
0.720720720721 0.720720720721
0.721721721722 0.721721721722
0.722722722723 0.722722722723
0.723723723724 0.723723723724
0.724724724725 0.724724724725
0.725725725726 0.725725725726
0.726726726727 0.726726726727
0.727727727728 0.727727727728
0.728728728729 0.728728728729
0.72972972973 0.72972972973
0.730730730731 0.730730730731
0.731731731732 0.731731731732
0.732732732733 0.732732732733
0.733733733734 0.733733733734
0.734734734735 0.82468741017
0.735735735736 2.40288762625
0.736736736737 1.06547479156
0.737737737738 0.737737737738
0.738738738739 0.738738738739
0.73973973974 0.73973973974
0.740740740741 0.740740740741
0.741741741742 0.741741741742
0.742742742743 0.742742742743
0.743743743744 0.743743743744
0.744744744745 0.744744744745
0.745745745746 0.745745745746
0.746746746747 0.746746746747
0.747747747748 0.747747747748
0.748748748749 0.748748748749
0.74974974975 0.74974974975
0.750750750751 1.19006912989
0.751751751752 0.751751751752
0.752752752753 0.752752752753
0.753753753754 0.753753753754
0.754754754755 0.754754754755
0.755755755756 0.755755755756
0.756756756757 0.756756756757
0.757757757758 0.757757757758
0.758758758759 0.758758758759
0.75975975976 0.75975975976
0.760760760761 0.760760760761
0.761761761762 0.761761761762
0.762762762763 0.762762762763
0.763763763764 0.763763763764
0.764764764765 0.764764764765
0.765765765766 0.765765765766
0.766766766767 0.766766766767
0.767767767768 0.767767767768
0.768768768769 0.768768768769
0.76976976977 0.76976976977
0.770770770771 0.770770770771
0.771771771772 0.771771771772
0.772772772773 0.772772772773
0.773773773774 0.773773773774
0.774774774775 1.26612483878
0.775775775776 0.775775775776
0.776776776777 0.776776776777
0.777777777778 0.777777777778
0.778778778779 0.778778778779
0.77977977978 0.77977977978
0.780780780781 0.780780780781
0.781781781782 0.781781781782
0.782782782783 0.782782782783
0.783783783784 0.783783783784
0.784784784785 0.784784784785
0.785785785786 1.07730919455
0.786786786787 0.786786786787
0.787787787788 0.787787787788
0.788788788789 0.788788788789
0.78978978979 3.09992091629
0.790790790791 0.790790790791
0.791791791792 0.791791791792
0.792792792793 0.792792792793
0.793793793794 0.793793793794
0.794794794795 0.794794794795
0.795795795796 0.795795795796
0.796796796797 0.796796796797
0.797797797798 0.797797797798
0.798798798799 0.798798798799
0.7997997998 0.7997997998
0.800800800801 0.800800800801
0.801801801802 0.801801801802
0.802802802803 1.83366094231
0.803803803804 0.803803803804
0.804804804805 0.804804804805
0.805805805806 0.805805805806
0.806806806807 0.864080717588
0.807807807808 0.807807807808
0.808808808809 0.808808808809
0.80980980981 0.80980980981
0.810810810811 0.810810810811
0.811811811812 2.14177280685
0.812812812813 0.812812812813
0.813813813814 1.48035592066
0.814814814815 0.814814814815
0.815815815816 0.815815815816
0.816816816817 0.816816816817
0.817817817818 0.817817817818
0.818818818819 0.818818818819
0.81981981982 0.81981981982
0.820820820821 0.820820820821
0.821821821822 0.908669416801
0.822822822823 0.822822822823
0.823823823824 0.823823823824
0.824824824825 0.824824824825
0.825825825826 0.825825825826
0.826826826827 0.826826826827
0.827827827828 0.827827827828
0.828828828829 0.828828828829
0.82982982983 0.82982982983
0.830830830831 0.830830830831
0.831831831832 0.831831831832
0.832832832833 2.52755587406
0.833833833834 0.833833833834
0.834834834835 0.834834834835
0.835835835836 0.835835835836
0.836836836837 0.836836836837
0.837837837838 0.837837837838
0.838838838839 0.838838838839
0.83983983984 0.83983983984
0.840840840841 0.840840840841
0.841841841842 0.841841841842
0.842842842843 0.842842842843
0.843843843844 0.843843843844
0.844844844845 0.844844844845
0.845845845846 0.845845845846
0.846846846847 0.846846846847
0.847847847848 0.847847847848
0.848848848849 0.848848848849
0.84984984985 0.84984984985
0.850850850851 0.850850850851
0.851851851852 0.851851851852
0.852852852853 0.852852852853
0.853853853854 0.853853853854
0.854854854855 1.78102363549
0.855855855856 0.855855855856
0.856856856857 1.54458039932
0.857857857858 0.857857857858
0.858858858859 0.858858858859
0.85985985986 1.15897599805
0.860860860861 0.860860860861
0.861861861862 0.861861861862
0.862862862863 0.862862862863
0.863863863864 0.863863863864
0.864864864865 0.864864864865
0.865865865866 0.865865865866
0.866866866867 0.866866866867
0.867867867868 0.867867867868
0.868868868869 0.868868868869
0.86986986987 0.86986986987
0.870870870871 0.870870870871
0.871871871872 0.871871871872
0.872872872873 0.872872872873
0.873873873874 1.42501919259
0.874874874875 0.874874874875
0.875875875876 0.875875875876
0.876876876877 0.876876876877
0.877877877878 0.877877877878
0.878878878879 0.878878878879
0.87987987988 1.55529056271
0.880880880881 0.880880880881
0.881881881882 0.881881881882
0.882882882883 0.882882882883
0.883883883884 0.883883883884
0.884884884885 0.884884884885
0.885885885886 0.885885885886
0.886886886887 0.886886886887
0.887887887888 0.887887887888
0.888888888889 0.888888888889
0.88988988989 0.88988988989
0.890890890891 0.890890890891
0.891891891892 0.891891891892
0.892892892893 0.892892892893
0.893893893894 0.893893893894
0.894894894895 0.894894894895
0.895895895896 0.895895895896
0.896896896897 0.896896896897
0.897897897898 0.897897897898
0.898898898899 0.898898898899
0.8998998999 0.8998998999
0.900900900901 0.900900900901
0.901901901902 0.901901901902
0.902902902903 0.902902902903
0.903903903904 0.903903903904
0.904904904905 0.904904904905
0.905905905906 0.905905905906
0.906906906907 0.906906906907
0.907907907908 0.907907907908
0.908908908909 2.04511644872
0.90990990991 0.90990990991
0.910910910911 0.910910910911
0.911911911912 0.911911911912
0.912912912913 2.57048870663
0.913913913914 0.913913913914
0.914914914915 0.914914914915
0.915915915916 0.915915915916
0.916916916917 0.916916916917
0.917917917918 0.917917917918
0.918918918919 0.918918918919
0.91991991992 0.91991991992
0.920920920921 2.8348933317
0.921921921922 0.921921921922
0.922922922923 1.02388617069
0.923923923924 0.923923923924
0.924924924925 1.64323448324
0.925925925926 0.925925925926
0.926926926927 0.926926926927
0.927927927928 0.927927927928
0.928928928929 0.928928928929
0.92992992993 0.92992992993
0.930930930931 0.930930930931
0.931931931932 0.931931931932
0.932932932933 0.932932932933
0.933933933934 0.933933933934
0.934934934935 0.934934934935
0.935935935936 0.935935935936
0.936936936937 0.936936936937
0.937937937938 0.937937937938
0.938938938939 0.938938938939
0.93993993994 0.93993993994
0.940940940941 1.43710646537
0.941941941942 0.941941941942
0.942942942943 0.942942942943
0.943943943944 2.26121446227
0.944944944945 0.944944944945
0.945945945946 1.95346558127
0.946946946947 0.946946946947
0.947947947948 0.947947947948
0.948948948949 1.10293727117
0.94994994995 0.94994994995
0.950950950951 0.950950950951
0.951951951952 0.951951951952
0.952952952953 1.29407716778
0.953953953954 0.953953953954
0.954954954955 0.954954954955
0.955955955956 0.955955955956
0.956956956957 0.956956956957
0.957957957958 0.957957957958
0.958958958959 0.958958958959
0.95995995996 0.95995995996
0.960960960961 0.960960960961
0.961961961962 0.961961961962
0.962962962963 0.962962962963
0.963963963964 0.963963963964
0.964964964965 0.964964964965
0.965965965966 0.965965965966
0.966966966967 0.966966966967
0.967967967968 0.967967967968
0.968968968969 0.968968968969
0.96996996997 0.96996996997
0.970970970971 0.970970970971
0.971971971972 0.971971971972
0.972972972973 0.972972972973
0.973973973974 0.973973973974
0.974974974975 0.974974974975
0.975975975976 1.38067036033
0.976976976977 0.976976976977
0.977977977978 0.977977977978
0.978978978979 0.978978978979
0.97997997998 0.97997997998
0.980980980981 0.980980980981
0.981981981982 0.981981981982
0.982982982983 1.77159949151
0.983983983984 0.983983983984
0.984984984985 0.984984984985
0.985985985986 0.985985985986
0.986986986987 0.986986986987
0.987987987988 0.987987987988
0.988988988989 0.988988988989
0.98998998999 0.98998998999
0.990990990991 0.990990990991
0.991991991992 0.991991991992
0.992992992993 0.992992992993
0.993993993994 0.993993993994
0.994994994995 0.994994994995
0.995995995996 1.329947431
0.996996996997 0.996996996997
0.997997997998 0.997997997998
0.998998998999 0.998998998999
1.0 1.0
